142
142
147
147
144
143
145
155
145
153
145
144
142
145
147
146
147
141
149
144
142
144
145
147
147
143
153
147
144
148
146
150
146
147
157
159
167
164
180
196
213
229
238
235
229
219
209
212
206
192
195
183
177
178
175
175
174
170
175
176
181
175
178
178
182
183
197
193
192
197
208
205
213
210
218
219
212
214
218
218
215
222
223
214
226
216
221
217
227
223
229
244
235
223
221
218
213
210
214
203
211
209
202
206
200
200
203
202
193
197
190
202
195
189
192
184
186
189
184
179
180
183
189
176
173
171
174
173
173
166
170
165
168
167
163
163
165
159
166
162
168
158
159
157
159
154
153
154
164
165
155
154
155
157
163
153
166
156
150
158
153
149
157
158
151
150
153
153
149
146
152
151
152
154
147
150
161
149
159
155
148
151
149
154
153
147
153
164
150
148
147
156
154
146
148
148
166
150
150
152
158
154
151
150
151
150
146
152
150
158
148
153
153
154
149
152
157
154
157
154
156
150
152
151
151
149
155
159
153
153
155
161
161
151
156
154
157
155
151
156
161
155
164
156
156
165
157
165
152
158
168
159
160
156
162
167
160
161
162
154
162
167
159
176
158
157
168
165
163
164
163
161
133
132
134
134
134
134
134
134
134
133
135
134
134
134
135
